 
params:
  a:   1.2000000E-01
  c:   6.0000000E-02
  r:   1.0000000E-01
  s:   1.0000000E-01
  k:   1.0000000E+02
  v:   4.0000000E+01
  n0: 50
  p0: 15
 
control:
  tmax: 300
  timeStep: 5
  n0: 50
  p0: 15
